"tick","run","random_seed","Donor density"
0.0,1,383639,"0.05"
1.0,1,383639,"0.0496031746031746"
2.0,1,383639,"0.051181102362204724"
3.0,1,383639,"0.050682261208576995"
4.0,1,383639,"0.05048543689320388"
5.0,1,383639,"0.05172413793103448"
6.0,1,383639,"0.05142857142857143"
7.0,1,383639,"0.05075187969924812"
8.0,1,383639,"0.05223880597014925"
9.0,1,383639,"0.051756007393715345"
10.0,1,383639,"0.05166051660516605"
11.0,1,383639,"0.05263157894736842"
12.0,1,383639,"0.052346570397111915"
13.0,1,383639,"0.052158273381294966"
14.0,1,383639,"0.05357142857142857"
15.0,1,383639,"0.05272407732864675"
16.0,1,383639,"0.05391304347826087"
17.0,1,383639,"0.0547945205479452"
18.0,1,383639,"0.05432937181663837"
19.0,1,383639,"0.05342237061769616"
20.0,1,383639,"0.054455445544554455"
21.0,1,383639,"0.05546492659053834"
22.0,1,383639,"0.05663430420711974"
23.0,1,383639,"0.05687203791469194"
24.0,1,383639,"0.05642633228840126"
25.0,1,383639,"0.05546995377503852"
26.0,1,383639,"0.05623100303951368"
27.0,1,383639,"0.0549777117384844"
28.0,1,383639,"0.054252199413489736"
29.0,1,383639,"0.05413105413105413"
30.0,1,383639,"0.05508474576271186"
31.0,1,383639,"0.05371900826446281"
32.0,1,383639,"0.05390835579514825"
33.0,1,383639,"0.05352480417754569"
34.0,1,383639,"0.054987212276214836"
35.0,1,383639,"0.05528255528255528"
36.0,1,383639,"0.05548854041013269"
37.0,1,383639,"0.05411764705882353"
38.0,1,383639,"0.05658198614318707"
39.0,1,383639,"0.0550561797752809"
40.0,1,383639,"0.05543237250554324"
41.0,1,383639,"0.056623931623931624"
42.0,1,383639,"0.05555555555555555"
43.0,1,383639,"0.05834186284544524"
44.0,1,383639,"0.06048387096774194"
45.0,1,383639,"0.060396039603960394"
46.0,1,383639,"0.05933852140077821"
47.0,1,383639,"0.059266227657572904"
48.0,1,383639,"0.05925925925925926"
49.0,1,383639,"0.05850585058505851"
50.0,1,383639,"0.06084656084656084"
51.0,1,383639,"0.059278350515463915"
52.0,1,383639,"0.05822784810126582"
53.0,1,383639,"0.06016260162601626"
54.0,1,383639,"0.06028938906752412"
55.0,1,383639,"0.0594679186228482"
56.0,1,383639,"0.05918524212144504"
57.0,1,383639,"0.0581570996978852"
58.0,1,383639,"0.057462686567164176"
59.0,1,383639,"0.05623648161499639"
60.0,1,383639,"0.057183702644746245"
61.0,1,383639,"0.05762473647224174"
62.0,1,383639,"0.05849965588437715"
63.0,1,383639,"0.05779569892473118"
64.0,1,383639,"0.05780730897009967"
65.0,1,383639,"0.05779220779220779"
66.0,1,383639,"0.05844572896596018"
67.0,1,383639,"0.059008160703075956"
68.0,1,383639,"0.05925925925925926"
69.0,1,383639,"0.05968331303288672"
70.0,1,383639,"0.05903614457831325"
71.0,1,383639,"0.058926487747957994"
72.0,1,383639,"0.059297639608520435"
73.0,1,383639,"0.05928853754940711"
74.0,1,383639,"0.06030150753768844"
75.0,1,383639,"0.059595407326407876"
76.0,1,383639,"0.05962059620596206"
77.0,1,383639,"0.06071805702217529"
78.0,1,383639,"0.06197916666666667"
79.0,1,383639,"0.06028368794326241"
80.0,1,383639,"0.06060606060606061"
81.0,1,383639,"0.059621909840038775"
82.0,1,383639,"0.06037374221370388"
83.0,1,383639,"0.06108283202221194"
84.0,1,383639,"0.06104783599088838"
85.0,1,383639,"0.06"
86.0,1,383639,"0.06094906399651719"
87.0,1,383639,"0.06145966709346991"
88.0,1,383639,"0.06170752324598478"
89.0,1,383639,"0.06296296296296296"
90.0,1,383639,"0.06300813008130081"
91.0,1,383639,"0.06369426751592357"
92.0,1,383639,"0.06452874462260462"
93.0,1,383639,"0.06362591031046377"
94.0,1,383639,"0.06467473524962178"
95.0,1,383639,"0.06367316893632684"
96.0,1,383639,"0.06369887803112559"
97.0,1,383639,"0.06385242993969492"
98.0,1,383639,"0.06443747823058169"
99.0,1,383639,"0.06266937669376693"
100.0,1,383639,"0.06247911794186435"
101.0,1,383639,"0.06280507647250244"
102.0,1,383639,"0.06362467866323908"
103.0,1,383639,"0.062226391494684175"
104.0,1,383639,"0.06259541984732825"
105.0,1,383639,"0.0620875824835033"
106.0,1,383639,"0.06325746378953591"
107.0,1,383639,"0.062428078250863064"
108.0,1,383639,"0.062180579216354344"
109.0,1,383639,"0.061872909698996656"
110.0,1,383639,"0.06214070626882015"
111.0,1,383639,"0.06270010672358592"
112.0,1,383639,"0.06300866369125754"
113.0,1,383639,"0.06390593047034765"
114.0,1,383639,"0.063963737093931"
115.0,1,383639,"0.0635509396636993"
116.0,1,383639,"0.06454743994176171"
117.0,1,383639,"0.06425511661113756"
118.0,1,383639,"0.06443298969072164"
119.0,1,383639,"0.06409671532846715"
120.0,1,383639,"0.06479190101237345"
121.0,1,383639,"0.06482300884955752"
122.0,1,383639,"0.06455118452510324"
123.0,1,383639,"0.06493506493506493"
124.0,1,383639,"0.0647194788821181"
125.0,1,383639,"0.06451612903225806"
126.0,1,383639,"0.06479612434396448"
127.0,1,383639,"0.06450336367233875"
128.0,1,383639,"0.06473561430793157"
129.0,1,383639,"0.06440548780487805"
130.0,1,383639,"0.06402553511077731"
131.0,1,383639,"0.064119051993386"
132.0,1,383639,"0.06535475717638563"
133.0,1,383639,"0.06643109540636043"
134.0,1,383639,"0.066401521701539"
135.0,1,383639,"0.06712884680419344"
136.0,1,383639,"0.06718906302100701"
137.0,1,383639,"0.06761159986966439"
138.0,1,383639,"0.06792998233499277"
139.0,1,383639,"0.06803574227935413"
140.0,1,383639,"0.06801046314817664"
141.0,1,383639,"0.06837735849056603"
142.0,1,383639,"0.06889383815887157"
143.0,1,383639,"0.0685763888888889"
144.0,1,383639,"0.06853804502707324"
145.0,1,383639,"0.06866172563277863"
146.0,1,383639,"0.06902703444490188"
147.0,1,383639,"0.068756727664155"
148.0,1,383639,"0.0686547382372432"
149.0,1,383639,"0.06827880512091039"
150.0,1,383639,"0.06810355821961485"
151.0,1,383639,"0.0675"
152.0,1,383639,"0.06859382655561"
153.0,1,383639,"0.06875826421444885"
154.0,1,383639,"0.0693655303030303"
155.0,1,383639,"0.06924855491329479"
156.0,1,383639,"0.06994199931763903"
157.0,1,383639,"0.0692925686230752"
158.0,1,383639,"0.06970626918018413"
159.0,1,383639,"0.06916550316829556"
160.0,1,383639,"0.06914050111005392"
161.0,1,383639,"0.06952037132542548"
162.0,1,383639,"0.0694233302928955"
163.0,1,383639,"0.06985731272294887"
164.0,1,383639,"0.07021980159502042"
165.0,1,383639,"0.07006005147269088"
166.0,1,383639,"0.07002064952130656"
167.0,1,383639,"0.07023012744109287"
168.0,1,383639,"0.06974229590917283"
169.0,1,383639,"0.069310436399044"
170.0,1,383639,"0.06936717663421418"
171.0,1,383639,"0.06881830601092896"
172.0,1,383639,"0.06956448770663758"
173.0,1,383639,"0.06971390989805985"
174.0,1,383639,"0.07026460148434979"
175.0,1,383639,"0.07078945284662286"
176.0,1,383639,"0.0709727626459144"
177.0,1,383639,"0.07086614173228346"
178.0,1,383639,"0.07071240105540898"
179.0,1,383639,"0.07158143310456792"
180.0,1,383639,"0.07140260306842143"
181.0,1,383639,"0.071780235462005"
182.0,1,383639,"0.071758611033324"
183.0,1,383639,"0.07175750910715513"
184.0,1,383639,"0.07201353637901861"
185.0,1,383639,"0.07189282398196047"
186.0,1,383639,"0.07242776833573016"
187.0,1,383639,"0.07216627108858811"
188.0,1,383639,"0.07234848484848484"
189.0,1,383639,"0.07253853804077573"
190.0,1,383639,"0.07268155053974484"
191.0,1,383639,"0.0724611492591254"
192.0,1,383639,"0.07293825113966017"
193.0,1,383639,"0.07326686760955252"
194.0,1,383639,"0.07306508605950074"
195.0,1,383639,"0.07309434595380572"
196.0,1,383639,"0.0731304682771144"
197.0,1,383639,"0.07346497159859346"
198.0,1,383639,"0.07351921949138988"
199.0,1,383639,"0.07311703967713193"
200.0,1,383639,"0.07315939033841384"
201.0,1,383639,"0.07336102948627014"
202.0,1,383639,"0.07379743053480729"
203.0,1,383639,"0.07405421216848673"
204.0,1,383639,"0.07417186749879981"
205.0,1,383639,"0.07446255610678006"
206.0,1,383639,"0.0750151240169389"
207.0,1,383639,"0.07500229084578026"
208.0,1,383639,"0.07525325615050651"
209.0,1,383639,"0.07589186300271679"
210.0,1,383639,"0.07600615790631185"
211.0,1,383639,"0.07607234245565338"
212.0,1,383639,"0.07623547439662878"
213.0,1,383639,"0.07615188604369438"
214.0,1,383639,"0.07672088056513882"
215.0,1,383639,"0.07696651875756354"
216.0,1,383639,"0.07718014003819224"
217.0,1,383639,"0.07732140755560786"
218.0,1,383639,"0.07742410731593843"
219.0,1,383639,"0.07769145394006659"
220.0,1,383639,"0.07774494203228006"
221.0,1,383639,"0.07789292528714131"
222.0,1,383639,"0.07835628544075411"
223.0,1,383639,"0.07854558610709117"
224.0,1,383639,"0.07870452844978088"
225.0,1,383639,"0.0787586982498067"
226.0,1,383639,"0.07875273446994688"
227.0,1,383639,"0.07898612776160302"
228.0,1,383639,"0.07923876604246385"
229.0,1,383639,"0.07942939423366709"
230.0,1,383639,"0.07967388062174792"
231.0,1,383639,"0.07980731675563078"
232.0,1,383639,"0.08056339835728953"
233.0,1,383639,"0.08054854981084489"
234.0,1,383639,"0.08090111394610741"
235.0,1,383639,"0.08079441694592185"
236.0,1,383639,"0.08102436205480702"
237.0,1,383639,"0.0816154563784646"
238.0,1,383639,"0.08176475852399845"
239.0,1,383639,"0.08187566481503368"
240.0,1,383639,"0.08202105510102344"
241.0,1,383639,"0.08236380957879846"
242.0,1,383639,"0.08254247883161903"
243.0,1,383639,"0.08261820629311796"
244.0,1,383639,"0.08276015087641447"
245.0,1,383639,"0.08279381103917481"
246.0,1,383639,"0.08318155870280262"
247.0,1,383639,"0.08346363293254974"
248.0,1,383639,"0.08390617059405676"
249.0,1,383639,"0.08419376244193763"
250.0,1,383639,"0.08445981624247545"
251.0,1,383639,"0.0846871669569286"
252.0,1,383639,"0.08506266694062051"
253.0,1,383639,"0.08538783800939444"
254.0,1,383639,"0.08550298090710134"
255.0,1,383639,"0.08569078537424292"
256.0,1,383639,"0.0858613351808779"
257.0,1,383639,"0.08604634020491904"
258.0,1,383639,"0.08608188276653402"
259.0,1,383639,"0.08618221521290792"
260.0,1,383639,"0.08628927175329376"
261.0,1,383639,"0.08642768732743025"
262.0,1,383639,"0.08678658881145225"
263.0,1,383639,"0.08708113902223051"
264.0,1,383639,"0.0871796057041163"
265.0,1,383639,"0.08743520344969953"
266.0,1,383639,"0.08768529076396807"
267.0,1,383639,"0.08774395357798581"
268.0,1,383639,"0.08828174352495262"
269.0,1,383639,"0.08853394437704992"
270.0,1,383639,"0.08855320577374957"
271.0,1,383639,"0.088683664000707"
272.0,1,383639,"0.08905562968958503"
273.0,1,383639,"0.08933723831218136"
274.0,1,383639,"0.08952138997136522"
275.0,1,383639,"0.08969914837163522"
276.0,1,383639,"0.08976377952755905"
277.0,1,383639,"0.08984432913269089"
278.0,1,383639,"0.09000168819110323"
279.0,1,383639,"0.09012776330167269"
280.0,1,383639,"0.09009178926191375"
281.0,1,383639,"0.09012211441953831"
282.0,1,383639,"0.09051330956132349"
283.0,1,383639,"0.09061195962752071"
284.0,1,383639,"0.09069933639612048"
285.0,1,383639,"0.09090909090909091"
286.0,1,383639,"0.09121949248424115"
287.0,1,383639,"0.09132218111629403"
288.0,1,383639,"0.0914757581223819"
289.0,1,383639,"0.09145586060824042"
290.0,1,383639,"0.09151056197688322"
291.0,1,383639,"0.09153823207716019"
292.0,1,383639,"0.09175922820447058"
293.0,1,383639,"0.09189887794466094"
294.0,1,383639,"0.09207913080727442"
295.0,1,383639,"0.0922689401278822"
296.0,1,383639,"0.09261475504767787"
297.0,1,383639,"0.09272223718121321"
298.0,1,383639,"0.09284481104929983"
299.0,1,383639,"0.09303750215364588"
300.0,1,383639,"0.09320981759144303"
301.0,1,383639,"0.09327083649612875"
302.0,1,383639,"0.09354771745079167"
303.0,1,383639,"0.09362965189457272"
304.0,1,383639,"0.0937078904027549"
305.0,1,383639,"0.09395510143198091"
306.0,1,383639,"0.09410081034867296"
307.0,1,383639,"0.09439243674112523"
308.0,1,383639,"0.09450785253149337"
309.0,1,383639,"0.09446957806296741"
310.0,1,383639,"0.09444843660752124"
311.0,1,383639,"0.09458191518719529"
312.0,1,383639,"0.09474551446356647"
313.0,1,383639,"0.09507568849170163"
314.0,1,383639,"0.09540507640037064"
315.0,1,383639,"0.09551752241238794"
316.0,1,383639,"0.09562249431140969"
317.0,1,383639,"0.09581269698334084"
318.0,1,383639,"0.09591946791299659"
319.0,1,383639,"0.0960486431223432"
320.0,1,383639,"0.09610254757684802"
321.0,1,383639,"0.09623885918003565"
322.0,1,383639,"0.09655307133597343"
323.0,1,383639,"0.09681014808131204"
324.0,1,383639,"0.09692158419334922"
325.0,1,383639,"0.09708122943753408"
326.0,1,383639,"0.09717395120238723"
327.0,1,383639,"0.09718768605750709"
328.0,1,383639,"0.09720377490387976"
329.0,1,383639,"0.09718562978730828"
330.0,1,383639,"0.09727592573239977"
331.0,1,383639,"0.09748138376351738"
332.0,1,383639,"0.09766645332041723"
333.0,1,383639,"0.09780077619663648"
334.0,1,383639,"0.09783543824632644"
335.0,1,383639,"0.09795708154506438"
336.0,1,383639,"0.09818568075519539"
337.0,1,383639,"0.09837046663132876"
338.0,1,383639,"0.09838723440566602"
339.0,1,383639,"0.09847490840930391"
340.0,1,383639,"0.09850263740003404"
341.0,1,383639,"0.09857431732060018"
342.0,1,383639,"0.09874724902657864"
343.0,1,383639,"0.09883711117487215"
344.0,1,383639,"0.09893921535612056"
345.0,1,383639,"0.0991773002014775"
346.0,1,383639,"0.09926107136274526"
347.0,1,383639,"0.09923076923076923"
348.0,1,383639,"0.0993573157499374"
349.0,1,383639,"0.09942173413101804"
350.0,1,383639,"0.09955413588873362"
351.0,1,383639,"0.09960788223174824"
352.0,1,383639,"0.09983440967047524"
353.0,1,383639,"0.10009578544061302"
354.0,1,383639,"0.10042164904305433"
355.0,1,383639,"0.10063585429571333"
356.0,1,383639,"0.10070503361206755"
357.0,1,383639,"0.10086700474398823"
358.0,1,383639,"0.10087862555526522"
359.0,1,383639,"0.10098819385558672"
360.0,1,383639,"0.10102753668029116"
361.0,1,383639,"0.10115465929419418"
362.0,1,383639,"0.10147323382116984"
363.0,1,383639,"0.10154368382768933"
364.0,1,383639,"0.10153831269349846"
365.0,1,383639,"0.10155118591703408"
366.0,1,383639,"0.10166851343321931"
367.0,1,383639,"0.10174353386109419"
368.0,1,383639,"0.1018351119146281"
369.0,1,383639,"0.10181649705238605"
370.0,1,383639,"0.1020372349759903"
371.0,1,383639,"0.10198652286811209"
372.0,1,383639,"0.1021390119575056"
373.0,1,383639,"0.10229774026508734"
374.0,1,383639,"0.1024968808730397"
375.0,1,383639,"0.10256450672256986"
376.0,1,383639,"0.10268152204702105"
377.0,1,383639,"0.10278715553112978"
378.0,1,383639,"0.1028860775368794"
379.0,1,383639,"0.10309262215544496"
380.0,1,383639,"0.10323004078571094"
381.0,1,383639,"0.10349395337239746"
382.0,1,383639,"0.10365190365190365"
383.0,1,383639,"0.10377811884718541"
384.0,1,383639,"0.10385311451066528"
385.0,1,383639,"0.10400814902844444"
386.0,1,383639,"0.10405238828967643"
387.0,1,383639,"0.10416538485202732"
388.0,1,383639,"0.10423898018737521"
389.0,1,383639,"0.10434369152427989"
390.0,1,383639,"0.10437220417917764"
391.0,1,383639,"0.10449907448484756"
392.0,1,383639,"0.10466411363532338"
393.0,1,383639,"0.1047929255262477"
394.0,1,383639,"0.10484189423164546"
395.0,1,383639,"0.10488429539151652"
396.0,1,383639,"0.1049813181660036"
397.0,1,383639,"0.10513045053750453"
398.0,1,383639,"0.1051703346397347"
399.0,1,383639,"0.10525444392600732"
400.0,1,383639,"0.10531379180759114"
401.0,1,383639,"0.10559527556694695"
402.0,1,383639,"0.10582026402738948"
403.0,1,383639,"0.10598239594211548"
404.0,1,383639,"0.10613976334003125"
405.0,1,383639,"0.106245822502785"
406.0,1,383639,"0.10642397652150713"
407.0,1,383639,"0.10639872143956434"
408.0,1,383639,"0.10651377231351224"
409.0,1,383639,"0.10660647369508129"
410.0,1,383639,"0.10665134235110364"
411.0,1,383639,"0.10669650086116796"
412.0,1,383639,"0.10696097568134787"
413.0,1,383639,"0.1071031211571119"
414.0,1,383639,"0.1071433789687468"
415.0,1,383639,"0.10719493700419971"
416.0,1,383639,"0.10728683073072054"
417.0,1,383639,"0.10740428745715448"
418.0,1,383639,"0.1075484011311725"
419.0,1,383639,"0.10757531865585168"
420.0,1,383639,"0.1075701245533583"
421.0,1,383639,"0.10781951198395405"
422.0,1,383639,"0.10795250089960418"
423.0,1,383639,"0.10807123366365072"
424.0,1,383639,"0.10824520677499785"
425.0,1,383639,"0.10848854175607243"
426.0,1,383639,"0.10871582554072381"
427.0,1,383639,"0.108798836894394"
428.0,1,383639,"0.10883579285907416"
429.0,1,383639,"0.1089208817134005"
430.0,1,383639,"0.10909090909090909"
431.0,1,383639,"0.10913755953731005"
432.0,1,383639,"0.10922920318950405"
433.0,1,383639,"0.10958768848828516"
434.0,1,383639,"0.10975197770333042"
435.0,1,383639,"0.10981383912890762"
436.0,1,383639,"0.10989750564349911"
437.0,1,383639,"0.11007530584250161"
438.0,1,383639,"0.11014687181207115"
439.0,1,383639,"0.11026292285363402"
440.0,1,383639,"0.11037087624914634"
441.0,1,383639,"0.11041510064311368"
442.0,1,383639,"0.11061129854082496"
443.0,1,383639,"0.1106814685460064"
444.0,1,383639,"0.11093280949548329"
445.0,1,383639,"0.11114639129714507"
446.0,1,383639,"0.11130096873320564"
447.0,1,383639,"0.11146268985252036"
448.0,1,383639,"0.11152625722880809"
449.0,1,383639,"0.11169804072224357"
450.0,1,383639,"0.11171561305176028"
451.0,1,383639,"0.11177879679693381"
452.0,1,383639,"0.11202741633784356"
453.0,1,383639,"0.11221292941400823"
454.0,1,383639,"0.1123361792375877"
455.0,1,383639,"0.11242756130993581"
456.0,1,383639,"0.11258179453483803"
457.0,1,383639,"0.1126470986067902"
458.0,1,383639,"0.11275463338196358"
459.0,1,383639,"0.11280183461486577"
460.0,1,383639,"0.112890625"
461.0,1,383639,"0.1131312316912575"
462.0,1,383639,"0.11321589446589446"
463.0,1,383639,"0.11343599074210337"
464.0,1,383639,"0.11368097749883155"
465.0,1,383639,"0.11378905833422204"
466.0,1,383639,"0.11382481732394553"
467.0,1,383639,"0.113956517116734"
468.0,1,383639,"0.11407641367961462"
469.0,1,383639,"0.11415506958250497"
470.0,1,383639,"0.1142429698670762"
471.0,1,383639,"0.11455169681764162"
472.0,1,383639,"0.11476144057749559"
473.0,1,383639,"0.1148819228948614"
474.0,1,383639,"0.11494343386618369"
475.0,1,383639,"0.11504842281835219"
476.0,1,383639,"0.11513700243385412"
477.0,1,383639,"0.11522983249274832"
478.0,1,383639,"0.11529681854349556"
479.0,1,383639,"0.11538962561550686"
480.0,1,383639,"0.11545667447306791"
481.0,1,383639,"0.11556058124723803"
482.0,1,383639,"0.11570622933817333"
483.0,1,383639,"0.11586272911896724"
484.0,1,383639,"0.11595961682460172"
485.0,1,383639,"0.11599917530024226"
486.0,1,383639,"0.11612289007822149"
487.0,1,383639,"0.11635434193457235"
488.0,1,383639,"0.11646128002256902"
489.0,1,383639,"0.1165072168645381"
490.0,1,383639,"0.11652981352160233"
491.0,1,383639,"0.11672685049316711"
492.0,1,383639,"0.11687187257286188"
493.0,1,383639,"0.11699072309060872"
494.0,1,383639,"0.11713140334407429"
495.0,1,383639,"0.11727613452188007"
496.0,1,383639,"0.11742845586004652"
497.0,1,383639,"0.11756243453680451"
498.0,1,383639,"0.11769672833593789"
499.0,1,383639,"0.11776107943460584"
500.0,1,383639,"0.11786374322676356"
501.0,1,383639,"0.11805790668221545"
502.0,1,383639,"0.11816430679941962"
503.0,1,383639,"0.1182438756536172"
504.0,1,383639,"0.11831533315893718"
505.0,1,383639,"0.11839176232107547"
506.0,1,383639,"0.11842480974313772"
507.0,1,383639,"0.11859931825224666"
508.0,1,383639,"0.11876052292760225"
509.0,1,383639,"0.11884186972270643"
510.0,1,383639,"0.11893206880796256"
511.0,1,383639,"0.1192428944386976"
512.0,1,383639,"0.11951300416477266"
513.0,1,383639,"0.11968662261074262"
514.0,1,383639,"0.11983117200880841"
515.0,1,383639,"0.12001612430372324"
516.0,1,383639,"0.12013561140989525"
517.0,1,383639,"0.12030294912695128"
518.0,1,383639,"0.12037881274541984"
519.0,1,383639,"0.12035789294776074"
520.0,1,383639,"0.12039237559414104"
521.0,1,383639,"0.12058161759369027"
522.0,1,383639,"0.12060495600429698"
523.0,1,383639,"0.12067117165949963"
524.0,1,383639,"0.1208059339047642"
525.0,1,383639,"0.12091393462295397"
526.0,1,383639,"0.12096706561717524"
527.0,1,383639,"0.12108851674641148"
528.0,1,383639,"0.12123275398674073"
529.0,1,383639,"0.1212645392186102"
530.0,1,383639,"0.12126518942101501"
531.0,1,383639,"0.12151387321014794"
532.0,1,383639,"0.12166182658685473"
533.0,1,383639,"0.12183984194773391"
534.0,1,383639,"0.12202753441802253"
535.0,1,383639,"0.12209035086685445"
536.0,1,383639,"0.12212366476871676"
537.0,1,383639,"0.12232649369868806"
538.0,1,383639,"0.12252366374608537"
539.0,1,383639,"0.12259719570335836"
540.0,1,383639,"0.12263974355974637"
541.0,1,383639,"0.12281500151695489"
542.0,1,383639,"0.12294079981372606"
543.0,1,383639,"0.12309926235697276"
544.0,1,383639,"0.12322747457882594"
545.0,1,383639,"0.12331350813450279"
546.0,1,383639,"0.12345493611810641"
547.0,1,383639,"0.12356116352563955"
548.0,1,383639,"0.12369851653920574"
549.0,1,383639,"0.12388006486710294"
550.0,1,383639,"0.1239848838144247"
551.0,1,383639,"0.1242596093257719"
552.0,1,383639,"0.1245086388152482"
553.0,1,383639,"0.12475195584243778"
554.0,1,383639,"0.12491607396870555"
555.0,1,383639,"0.12506248579868212"
556.0,1,383639,"0.1251502846902434"
557.0,1,383639,"0.1253014776651758"
558.0,1,383639,"0.12538018836991055"
559.0,1,383639,"0.12543892332531698"
560.0,1,383639,"0.12547918639787128"
561.0,1,383639,"0.1256705239364394"
562.0,1,383639,"0.125814592563513"
563.0,1,383639,"0.125952788690776"
564.0,1,383639,"0.12617260787992496"
565.0,1,383639,"0.12627073301230604"
566.0,1,383639,"0.1264144015843523"
567.0,1,383639,"0.12649130212614695"
568.0,1,383639,"0.12668152732031362"
569.0,1,383639,"0.12679036278039324"
570.0,1,383639,"0.1268158835179182"
571.0,1,383639,"0.12711443609520343"
572.0,1,383639,"0.12721948856818907"
573.0,1,383639,"0.12735740254604966"
574.0,1,383639,"0.1274375472711528"
575.0,1,383639,"0.12754901102748117"
576.0,1,383639,"0.12764679545280813"
577.0,1,383639,"0.12776281499089512"
578.0,1,383639,"0.12788102470305168"
579.0,1,383639,"0.12793807484072972"
580.0,1,383639,"0.1279442266552282"
581.0,1,383639,"0.12807849762817597"
582.0,1,383639,"0.12828684398159151"
583.0,1,383639,"0.12845361936075028"
584.0,1,383639,"0.1285220927605461"
585.0,1,383639,"0.12859305709162364"
586.0,1,383639,"0.1286823035032803"
587.0,1,383639,"0.12874911691036373"
588.0,1,383639,"0.12877678619141772"
589.0,1,383639,"0.12886388865169499"
590.0,1,383639,"0.1289724209247039"
591.0,1,383639,"0.12910643190189275"
592.0,1,383639,"0.12936855068155761"
593.0,1,383639,"0.12970981504811713"
594.0,1,383639,"0.12988316325452662"
595.0,1,383639,"0.13005070470046276"
596.0,1,383639,"0.13020422335153561"
597.0,1,383639,"0.13034482034261466"
598.0,1,383639,"0.13046077053753066"
599.0,1,383639,"0.13054950577986263"
600.0,1,383639,"0.13071751926313918"
